658

torum 74 —— 79. heliastarum
562. 563. litigantium 703-
714. Amphictyonum 1278.
Graecorum 1292. medicorum
380. belli ducum 333. Gerae-
rarum 399. foederis 1234.

Keil (525.).

Kirehhoff (200.) (988. ).
Kohler (530.)

Kutorga (9.).

Laciadae (1170.).

Lasaulx (1278.)

Laurium 860.

legatio 102. 1046.

legatus 103. 220-224. 382. 1048.
1202. 1215.

leges Aeginetarum (1427.)

„ Aegyptiorum (1195.)

,η Boeotorum (1517.).

ἢ Bybliorum (1151.)

ᾔ Byzantiorum ( 11.) (1174 )
(1479.)

Chalcidensium (170.)

ἢ Cnidiorum (172.) (215.).

.. Corinthiorum (224.) (905.)
(1195.)

>a Cretensium (45.) (69.) (134.)
(215.) (704.) (001.) (1170.)

,1, Cumaeorum (1153.) (1170.)

ἢ Cypriorum (1141.).

.. Cyrenaeorum (1107.)

Cyzicenorum (1496.)

ἢ Epidamniorum (1246.)

„ Epidauriorum (69.)

.. Gallorum (161.)

ra Graecorum apud Romanos
(156.) (159.) (1134.) (1440.)
(1441.)(1443.) 1455.) (1464.)
(1476.) (1501.) (1537.) 1553.)
(1579.) ,

7. Graecorum recentiorummzffiv)
(1399.) (1495.) (1508.)

ἢ Hungarorum (161.) (845.)

ἢ ‚Iasensium (1357.) (1381.)

η Lacodaemoniorum (3.) (16.)
(55.) (69.) ( 134.) (153.) (206.)
(215.) (232.) (515.) (553.)
(612.) (614.) (845)· (905.)
(1030.) (1066.) (1070. ) (1094.)
(1131.)(1·1.«0.)(11811)(,1184.)

 

 

INDICES Π.

(1195.)(1347.) (1351.)(1359.)
(1423.) (1441.) (1442.) (1461.)
(1510.)

leges Lepi-eatarum (1170.)

η Lesbiorum (1189.)

η Locrorum (1 50.) (1043.)(1 143)
(1167.)(1170.)(1184.)(1461.)

η Lucanorum (1167.) (1517.)

. Lyciorum (1106.) (1153.)

.„ Lydorum (1359.).

ἢ Milesiorum (1141.)

r Phoenicum (1355.).

.. Phrygum (1153.).

.. Plataeensium (1074.)

.. Platonis (1.) (4.) (160.) (170.)
(180.) (682.) (695.) (767.)
(905.) (1008.) (1011.) (1031.)
(1046.) (1048.) (1052.)(1056.)
(1066.) (1084.) (1106.)(1107.)
(1 125.) (1126.) (1131.)(1132.)
(1133.)(1137.)(1138.)(1140.)
(1141.) (1142.)(1148.)(1152.)’
(1156.) (1159.) (1160.) (1161.)
(1166.) (1 167.)(1183.)(1189.)
(1331.) (1347.) (1375.) (1458.)
(1463.) (1499.) (1521.) (1568.)
(1577.) (1579).

.. Romanorum (28.) (156.) (159.)
(161.) (635.) (638.) (649.)
(665.) (669.) (730.) (767.)
(708.) (773.) (825.) (859.)
(1019.) (1056.) (1106.)(1125.)
(1143.) (1150.) (1152.)(1157.)
(1183.) (1334.) (1351.) (1352.)
(1369.) (1370.) (1373.) (1374.)
(1392.) (1399.) (1403.)(1405.)
(1411.) (1434.) (1440.) (1441.)
(1443.) (1446.) (1455.)(1464.)
( 1465.) (1476.) (1482.) (1498.)
(1499.) (1501.) (1505.)(1521.)
(1523.) (1558.) (1568.) (1579.)
(1587.)

5, Solonis 17, 21. 52. 60. 69. 73.
75. 92. 96. 135. 138. 148149.
150. 151. 156.171.178.194.
213. 215. 375. 376. 388. 390.
438. 549. 550. 562. 584. 665.
704. 795. 874. 989. 99-1. 996.
1008. 1014. 1033. 1043. 1047.
1063. 1065. 1066. 1068. 1127.
1128. 1143.1150.1153.1158.
11591160. 1161.1167.1169.

